-31.8421875 1
-31.2265625 0
-30.6109375 0
-29.9953125 0
-29.3796875 0
-28.7640625 0
-28.1484375 0
-27.5328125 1
-26.9171875 1
-26.3015625 0
-25.6859375 0
-25.0703125 0
-24.4546875 0
-23.8390625 0
-23.2234375 0
-22.6078125 0
-21.9921875 0
-21.3765625 0
-20.7609375 0
-20.1453125 0
-19.5296875 0
-18.9140625 1
-18.2984375 0
-17.6828125 0
-17.0671875 0
-16.4515625 0
-15.8359375 2
-15.2203125 0
-14.6046875 0
-13.9890625 0
-13.3734375 1
-12.7578125 0
-12.1421875 1
-11.5265625 0
-10.9109375 1
-10.2953125 0
-9.6796875 0
-9.0640625 0
-8.4484375 0
-7.8328125 0
-7.2171875 1
-6.6015625 2
-5.9859375 2
-5.3703125 5
-4.7546875 0
-4.1390625 2
-3.5234375 2
-2.9078125 3
-2.2921875 2
-1.6765625 1
-1.0609375 4
-0.4453125 3
0.1703125 2
0.7859375 4
1.4015625 5
2.0171875 1
2.6328125 2
3.2484375 1
3.8640625 3
4.4796875 0
5.0953125 3
5.7109375 2
6.3265625 1
6.9421875 3
7.5578125 5
8.1734375 1
8.7890625 0
9.4046875 4
10.0203125 0
10.6359375 1
11.2515625 0
11.8671875 0
12.4828125 0
13.0984375 0
13.7140625 1
14.3296875 2
14.9453125 2
15.5609375 0
16.1765625 0
16.7921875 1
-17.9644617284 1
-17.5045851852 2
-17.044708642 0
-16.5848320988 1
-16.1249555556 0
-15.6650790123 0
-15.2052024691 1
-14.7453259259 0
-14.2854493827 1
-13.8255728395 1
-13.3656962963 0
-12.9058197531 2
-12.4459432099 1
-11.9860666667 0
-11.5261901235 0
-11.0663135802 1
-10.606437037 1
-10.1465604938 0
-9.68668395062 1
-9.22680740741 1
-8.7669308642 1
-8.30705432099 0
-7.84717777778 3
-7.38730123457 0
-6.92742469136 0
-6.46754814815 1
-6.00767160494 1
-5.54779506173 2
-5.08791851852 1
-4.62804197531 3
-4.1681654321 0
-3.70828888889 0
-3.24841234568 2
-2.78853580247 1
-2.32865925926 0
-1.86878271605 2
-1.40890617284 2
-0.94902962963 0
-0.48915308642 2
-0.0292765432099 1
0.4306 3
0.89047654321 2
1.35035308642 3
1.81022962963 3
2.27010617284 4
2.72998271605 1
3.18985925926 1
3.64973580247 4
4.10961234568 1
4.56948888889 0
5.0293654321 1
5.48924197531 1
5.94911851852 3
6.40899506173 0
6.86887160494 1
7.32874814815 0
7.78862469136 2
8.24850123457 1
8.70837777778 4
9.16825432099 0
9.6281308642 1
10.0880074074 0
10.5478839506 0
11.0077604938 0
11.467637037 0
11.9275135802 0
12.3873901235 1
12.8472666667 1
13.3071432099 0
13.7670197531 1
14.2268962963 1
14.6867728395 2
15.1466493827 0
15.6065259259 2
16.0664024691 0
16.5262790123 0
16.9861555556 0
17.4460320988 0
17.905908642 0
18.3657851852 0
18.8256617284 1
-28.2943113924 1
-27.5601341772 0
-26.825956962 0
-26.0917797468 1
-25.3576025316 0
-24.6234253165 0
-23.8892481013 0
-23.1550708861 1
-22.4208936709 0
-21.6867164557 1
-20.9525392405 1
-20.2183620253 0
-19.4841848101 0
-18.7500075949 0
-18.0158303797 0
-17.2816531646 1
-16.5474759494 0
-15.8132987342 0
-15.079121519 4
-14.3449443038 2
-13.6107670886 0
-12.8765898734 0
-12.1424126582 2
-11.408235443 0
-10.6740582278 2
-9.93988101266 3
-9.20570379747 1
-8.47152658228 0
-7.73734936709 1
-7.0031721519 0
-6.26899493671 3
-5.53481772152 1
-4.80064050633 1
-4.06646329114 2
-3.33228607595 0
-2.59810886076 6
-1.86393164557 1
-1.12975443038 1
-0.39557721519 3
0.3386 0
1.07277721519 4
1.80695443038 3
2.54113164557 2
3.27530886076 2
4.00948607595 3
4.74366329114 2
5.47784050633 1
6.21201772152 1
6.94619493671 1
7.6803721519 1
8.41454936709 3
9.14872658228 1
9.88290379747 3
10.6170810127 0
11.3512582278 0
12.085435443 1
12.8196126582 1
13.5537898734 1
14.2879670886 2
15.0221443038 1
15.756321519 0
16.4904987342 0
17.2246759494 1
17.9588531646 0
18.6930303797 1
19.4272075949 0
20.1613848101 0
20.8955620253 1
21.6297392405 0
22.3639164557 0
23.0980936709 1
23.8322708861 0
24.5664481013 0
25.3006253165 0
26.0348025316 1
26.7689797468 1
27.503156962 0
28.2373341772 0
28.9715113924 1
-71.0584805195 1
-69.0974415584 0
-67.1364025974 0
-65.1753636364 0
-63.2143246753 1
-61.2532857143 0
-59.2922467532 0
-57.3312077922 0
-55.3701688312 0
-53.4091298701 0
-51.4480909091 1
-49.4870519481 0
-47.526012987 0
-45.564974026 0
-43.6039350649 0
-41.6428961039 0
-39.6818571429 0
-37.7208181818 0
-35.7597792208 0
-33.7987402597 1
-31.8377012987 2
-29.8766623377 1
-27.9156233766 0
-25.9545844156 0
-23.9935454545 0
-22.0325064935 0
-20.0714675325 1
-18.1104285714 0
-16.1493896104 1
-14.1883506494 3
-12.2273116883 0
-10.2662727273 1
-8.30523376623 3
-6.34419480519 4
-4.38315584416 3
-2.42211688312 7
-0.461077922078 6
1.49996103896 8
3.461 4
5.42203896104 8
7.38307792208 3
9.34411688312 4
11.3051558442 2
13.2661948052 1
15.2272337662 2
17.1882727273 1
19.1493116883 4
21.1103506494 0
23.0713896104 0
25.0324285714 0
26.9934675325 0
28.9545064935 1
30.9155454545 0
32.8765844156 0
34.8376233766 0
36.7986623377 0
38.7597012987 0
40.7207402597 1
42.6817792208 0
44.6428181818 0
46.6038571429 0
48.5648961039 0
50.5259350649 0
52.486974026 1
54.448012987 0
56.4090519481 0
58.3700909091 0
60.3311298701 0
62.2921688312 0
64.2532077922 0
66.2142467532 0
68.1752857143 0
70.1363246753 0
72.0973636364 0
74.0584025974 0
76.0194415584 0
77.9804805195 1
-14.4046315789 1
-13.8848947368 2
-13.3651578947 1
-12.8454210526 1
-12.3256842105 0
-11.8059473684 2
-11.2862105263 2
-10.7664736842 1
-10.2467368421 0
-9.727 1
-9.20726315789 0
-8.68752631579 2
-8.16778947368 1
-7.64805263158 2
-7.12831578947 1
-6.60857894737 1
-6.08884210526 0
-5.56910526316 0
-5.04936842105 3
-4.52963157895 2
-4.00989473684 0
-3.49015789474 2
-2.97042105263 2
-2.45068421053 4
-1.93094736842 3
-1.41121052632 4
-0.891473684211 1
-0.371736842105 2
0.148 2
0.667736842105 2
1.18747368421 1
1.70721052632 2
2.22694736842 2
2.74668421053 1
3.26642105263 1
3.78615789474 2
4.30589473684 1
4.82563157895 3
5.34536842105 2
5.86510526316 0
6.38484210526 0
6.90457894737 1
7.42431578947 0
7.94405263158 0
8.46378947368 1
8.98352631579 0
9.50326315789 1
10.023 1
10.5427368421 0
11.0624736842 1
11.5822105263 3
12.1019473684 2
12.6216842105 0
13.1414210526 4
13.6611578947 0
14.1808947368 1
14.7006315789 0
15.2203684211 0
15.7401052632 0
16.2598421053 0
16.7795789474 0
17.2993157895 0
17.8190526316 0
18.3387894737 0
18.8585263158 0
19.3782631579 0
19.898 0
20.4177368421 0
20.9374736842 0
21.4572105263 0
21.9769473684 0
22.4966842105 0
23.0164210526 0
23.5361578947 0
24.0558947368 0
24.5756315789 1
-44.5292116883 1
-43.4058350649 0
-42.2824584416 0
-41.1590818182 0
-40.0357051948 0
-38.9123285714 1
-37.7889519481 0
-36.6655753247 0
-35.5421987013 0
-34.4188220779 1
-33.2954454545 0
-32.1720688312 0
-31.0486922078 0
-29.9253155844 1
-28.801938961 0
-27.6785623377 0
-26.5551857143 1
-25.4318090909 1
-24.3084324675 1
-23.1850558442 1
-22.0616792208 0
-20.9383025974 1
-19.814925974 0
-18.6915493506 1
-17.5681727273 0
-16.4447961039 0
-15.3214194805 4
-14.1980428571 0
-13.0746662338 4
-11.9512896104 2
-10.827912987 2
-9.70453636364 2
-8.58115974026 2
-7.45778311688 1
-6.33440649351 0
-5.21102987013 0
-4.08765324675 4
-2.96427662338 3
-1.8409 2
-0.717523376623 2
0.405853246753 1
1.52922987013 1
2.65260649351 5
3.77598311688 2
4.89935974026 3
6.02273636364 2
7.14611298701 1
8.26948961039 3
9.39286623377 1
10.5162428571 1
11.6396194805 3
12.7629961039 1
13.8863727273 1
15.0097493506 1
16.133125974 1
17.2565025974 2
18.3798792208 1
19.5032558442 0
20.6266324675 0
21.7500090909 0
22.8733857143 2
23.9967623377 2
25.120138961 0
26.2435155844 0
27.3668922078 0
28.4902688312 0
29.6136454545 0
30.7370220779 1
31.8603987013 0
32.9837753247 0
34.1071519481 0
35.2305285714 1
36.3539051948 1
37.4772818182 1
38.6006584416 0
39.7240350649 0
40.8474116883 1
-39.9663076923 1
-38.9759230769 0
-37.9855384615 0
-36.9951538462 0
-36.0047692308 0
-35.0143846154 0
-34.024 0
-33.0336153846 1
-32.0432307692 1
-31.0528461538 0
-30.0624615385 0
-29.0720769231 1
-28.0816923077 0
-27.0913076923 0
-26.1009230769 0
-25.1105384615 0
-24.1201538462 1
-23.1297692308 1
-22.1393846154 1
-21.149 1
-20.1586153846 3
-19.1682307692 0
-18.1778461538 1
-17.1874615385 3
-16.1970769231 1
-15.2066923077 2
-14.2163076923 3
-13.2259230769 2
-12.2355384615 0
-11.2451538462 1
-10.2547692308 0
-9.26438461538 1
-8.274 0
-7.28361538462 2
-6.29323076923 2
-5.30284615385 0
-4.31246153846 1
-3.32207692308 0
-2.33169230769 3
-1.34130769231 4
-0.350923076923 1
0.639461538462 2
1.62984615385 1
2.62023076923 1
3.61061538462 2
4.601 1
5.59138461538 1
6.58176923077 3
7.57215384615 1
8.56253846154 1
9.55292307692 4
10.5433076923 3
11.5336923077 3
12.5240769231 0
13.5144615385 3
14.5048461538 0
15.4952307692 2
16.4856153846 2
17.476 1
18.4663846154 0
19.4567692308 0
20.4471538462 1
21.4375384615 0
22.4279230769 0
23.4183076923 2
24.4086923077 1
25.3990769231 0
26.3894615385 1
27.3798461538 1
28.3702307692 0
29.3606153846 0
30.351 0
31.3413846154 1
32.3317692308 0
33.3221538462 1
34.3125384615 0
35.3029230769 0
36.2933076923 1
-75.8718379747 3
-74.0079139241 0
-72.1439898734 0
-70.2800658228 0
-68.4161417722 1
-66.5522177215 0
-64.6882936709 0
-62.8243696203 1
-60.9604455696 1
-59.096521519 0
-57.2325974684 0
-55.3686734177 2
-53.5047493671 0
-51.6408253165 0
-49.7769012658 0
-47.9129772152 1
-46.0490531646 0
-44.1851291139 1
-42.3212050633 0
-40.4572810127 0
-38.593356962 0
-36.7294329114 0
-34.8655088608 1
-33.0015848101 1
-31.1376607595 1
-29.2737367089 1
-27.4098126582 2
-25.5458886076 0
-23.681964557 1
-21.8180405063 1
-19.9541164557 0
-18.0901924051 1
-16.2262683544 2
-14.3623443038 2
-12.4984202532 0
-10.6344962025 1
-8.7705721519 4
-6.90664810127 1
-5.04272405063 2
-3.1788 4
-1.31487594937 0
0.549048101266 0
2.4129721519 5
4.27689620253 0
6.14082025316 1
8.0047443038 6
9.86866835443 2
11.7325924051 4
13.5965164557 1
15.4604405063 1
17.324364557 0
19.1882886076 0
21.0522126582 1
22.9161367089 2
24.7800607595 3
26.6439848101 3
28.5079088608 5
30.3718329114 2
32.235756962 0
34.0996810127 0
35.9636050633 1
37.8275291139 0
39.6914531646 0
41.5553772152 1
43.4193012658 1
45.2832253165 0
47.1471493671 0
49.0110734177 0
50.8749974684 2
52.738921519 0
54.6028455696 1
56.4667696203 0
58.3306936709 0
60.1946177215 0
62.0585417722 0
63.9224658228 0
65.7863898734 0
67.6503139241 0
69.5142379747 2
-32.1512842105 1
-30.9736526316 0
-29.7960210526 0
-28.6183894737 0
-27.4407578947 0
-26.2631263158 0
-25.0854947368 1
-23.9078631579 2
-22.7302315789 0
-21.5526 0
-20.3749684211 3
-19.1973368421 0
-18.0197052632 1
-16.8420736842 3
-15.6644421053 0
-14.4868105263 1
-13.3091789474 2
-12.1315473684 0
-10.9539157895 0
-9.77628421053 2
-8.59865263158 3
-7.42102105263 3
-6.24338947368 4
-5.06575789474 2
-3.88812631579 6
-2.71049473684 3
-1.53286315789 3
-0.355231578947 2
0.8224 3
2.00003157895 0
3.17766315789 2
4.35529473684 1
5.53292631579 4
6.71055789474 0
7.88818947368 4
9.06582105263 2
10.2434526316 2
11.4210842105 2
12.5987157895 2
13.7763473684 1
14.9539789474 3
16.1316105263 1
17.3092421053 1
18.4868736842 1
19.6645052632 0
20.8421368421 1
22.0197684211 0
23.1974 1
24.3750315789 1
25.5526631579 0
26.7302947368 0
27.9079263158 1
29.0855578947 0
30.2631894737 0
31.4408210526 0
32.6184526316 0
33.7960842105 0
34.9737157895 0
36.1513473684 0
37.3289789474 0
38.5066105263 0
39.6842421053 0
40.8618736842 0
42.0395052632 0
43.2171368421 0
44.3947684211 0
45.5724 0
46.7500315789 0
47.9276631579 0
49.1052947368 0
50.2829263158 0
51.4605578947 0
52.6381894737 0
53.8158210526 0
54.9934526316 0
56.1710842105 1
-29.1282487179 1
-28.3141461538 0
-27.5000435897 1
-26.6859410256 0
-25.8718384615 0
-25.0577358974 0
-24.2436333333 0
-23.4295307692 0
-22.6154282051 1
-21.801325641 0
-20.9872230769 1
-20.1731205128 0
-19.3590179487 0
-18.5449153846 0
-17.7308128205 3
-16.9167102564 3
-16.1026076923 0
-15.2885051282 1
-14.4744025641 0
-13.6603 0
-12.8461974359 1
-12.0320948718 0
-11.2179923077 2
-10.4038897436 2
-9.58978717949 4
-8.77568461538 0
-7.96158205128 1
-7.14747948718 5
-6.33337692308 2
-5.51927435897 2
-4.70517179487 3
-3.89106923077 0
-3.07696666667 1
-2.26286410256 2
-1.44876153846 0
-0.634658974359 3
0.179443589744 1
0.993546153846 1
1.80764871795 0
2.62175128205 6
3.43585384615 2
4.24995641026 1
5.06405897436 2
5.87816153846 4
6.69226410256 1
7.50636666667 1
8.32046923077 1
9.13457179487 1
9.94867435897 2
10.7627769231 1
11.5768794872 2
12.3909820513 1
13.2050846154 1
14.0191871795 1
14.8332897436 2
15.6473923077 0
16.4614948718 0
17.2755974359 1
18.0897 0
18.9038025641 0
19.7179051282 1
20.5320076923 0
21.3461102564 0
22.1602128205 1
22.9743153846 1
23.7884179487 2
24.6025205128 1
25.4166230769 0
26.230725641 0
27.0448282051 0
27.8589307692 0
28.6730333333 0
29.4871358974 0
30.3012384615 0
31.1153410256 0
31.9294435897 0
32.7435461538 0
33.5576487179 1
